   5044   22774   18786   13708    8432   27479   22092   20303   27827   14915 
  17844    8172    2274   27886   17006   13327   28270   13236   11545   29039 
  29936     555    4893   17163   26521    1541     740   26928   19052    2335 
  32344    3082   24338   11975   18048    4014   15819   13000   10204   17895 
  11287    8477   29948   16968    2671    7873   25217   14017    9684   21404 
   1434   19513   15961   31474    9203   28721    7586   20127   29186    5459 
   8079    3955   21990    4458    6361      51   21772   22313   22354   30050 
  27619   13344   22432   18839   21550   23102   30682      99    3570   13660 
   2498    6870   12483   17051   30271   26885   20076    7569    2894   15896 
   5530    2921   28622   18141    9370   18046   19036   30010   21012   28587 
--------------------------------
  17071   10538    6258   13075   13616    2780   26162   15160   30671   16452 
   2909   14927    4642   14485    7082    9540    6340   21178    8922   31443 
  29602   19302    3054   17592   28778   26559   14505   27591   21097    2474 
  22711   19312   21728   18124    1353   23279   31626    4433   20726   13063 
  20501    9132    2113   23651   19552   10678   19280    9352   28985    1901 
  14198   18333    7577   24910   26631   12595   22051   27869    7724   29084 
  17618   17668   30897   32669   15064    4295    7790   10241   27398   18070 
   5730   21473   31123   16290   30636   14869    2777    6629    9026   21915 
  17056   26229    3208    6126   12700     253   30285    7354   23192   30764 
  26692   14658   14872   32081   27648   11168   16371   12530   32001    8715 
--------------------------------
      0       0       0       0       0       0       0       0       0       0 
      0       0       0       0       0       0       0       0       0       0 
      0       0       0       0       0       0       0       0       0       0 
      0       0       0       0       0       0       0       0       0       0 
      0       0       0       0       0       0       0       0       0       0 
      0       0       0       0       0       0       0       0       0       0 
      0       0       0       0       0       0       0       0       0       0 
      0       0       0       0       0       0       0       0       0       0 
      0       0       0       0       0       0       0       0       0       0 
      0       0       0       0       0       0       0       0       0       0 
--------------------------------
      0       0       0       0       0       0       0       0       0       0 
      0       0       0       0       0       0       0       0       0       0 
      0       0       0       0       0       0       0       0       0       0 
      0       0       0       0       0       0       0       0       0       0 
      0       0       0       0       0       0       0       0       0       0 
      0       0       0       0       0       0       0       0       0       0 
      0       0       0       0       0       0       0       0       0       0 
      0       0       0       0       0       0       0       0       0       0 
      0       0       0       0       0       0       0       0       0       0 
      0       0       0       0       0       0       0       0       0       0 
--------------------------------
#######Start Sequential Operation 
Sequential Multiplication Time: 10484383
#######Start Parallel Operation 
Parallel time in microseconds: 1336298
277264603537 275550479822 274327745681 269162317797 263409047314 267643125743 267658685482 264405311255 281098732784 270937327076 
268519961242 265595534448 268661978957 266417668462 258343691597 268670141941 263755259503 256970934904 270044232926 259512570395 
272208388512 272174510514 271832212833 276966906714 264057100584 269348953278 270667148650 267584250926 283366967454 272236948759 
271626364136 264722881437 267250700892 267877101260 259974499119 265874157279 263678290809 264771677398 272419478344 265251572310 
258900903398 262654070665 257345465048 261504822390 253294197132 250775669460 256495028627 255075069765 264151515065 267860033339 
269527722518 272016740108 269145317772 273710915925 263942969621 268963718697 263807539269 271047553821 275224066329 271561116347 
269936662188 268648259576 264365362522 263495864395 258940589517 265212649444 267357601301 263133928246 275863566580 260441917224 
274609397220 274258411870 272544759079 273538402454 267301927707 267014302699 277098929208 277230299457 280529069599 274196150127 
268778109524 273171497869 266190764940 266602656751 260472819383 273706479005 265314584561 266951970507 277011085110 267794729565 
270543546546 273359387035 270884548893 268035135908 263254908175 271148630610 277318850285 267553170949 272073056334 273366572299 
--------------------------------
277264603537 275550479822 274327745681 269162317797 263409047314 267643125743 267658685482 264405311255 281098732784 270937327076 
268519961242 265595534448 268661978957 266417668462 258343691597 268670141941 263755259503 256970934904 270044232926 259512570395 
272208388512 272174510514 271832212833 276966906714 264057100584 269348953278 270667148650 267584250926 283366967454 272236948759 
271626364136 264722881437 267250700892 267877101260 259974499119 265874157279 263678290809 264771677398 272419478344 265251572310 
258900903398 262654070665 257345465048 261504822390 253294197132 250775669460 256495028627 255075069765 264151515065 267860033339 
269527722518 272016740108 269145317772 273710915925 263942969621 268963718697 263807539269 271047553821 275224066329 271561116347 
269936662188 268648259576 264365362522 263495864395 258940589517 265212649444 267357601301 263133928246 275863566580 260441917224 
274609397220 274258411870 272544759079 273538402454 267301927707 267014302699 277098929208 277230299457 280529069599 274196150127 
268778109524 273171497869 266190764940 266602656751 260472819383 273706479005 265314584561 266951970507 277011085110 267794729565 
270543546546 273359387035 270884548893 268035135908 263254908175 271148630610 277318850285 267553170949 272073056334 273366572299 
--------------------------------
