   5084    7768   11489   18289    9963   25704   25614   24465   21963    4115 
   8413    6262   31139   32194   17187   25795   20681   23534   16703   30939 
  14325    6021   28167   27873   21435    6813   11798   21901   23851   10237 
   8706   29516   10233   27171   24751    5594    4866   25572    1197    6528 
  28959    5838   29351   25117   17213   16799   19418   32168   27681   27815 
  20652   20562    5758   10405   30179   13394   10795   18638   28964   13304 
  21827    8539   10538   18639   25692   32663   21698   27274   27283   17721 
  19651    3759   23961   21744   15269      83    6060   22354   30860    2413 
   3657   28755   21495   13981   14845   11948   13366    8923   21611   19674 
  18992   16781   27058   32428   32479   28167   12525   20506    8398    3845 
--------------------------------
  14980    4386   20610   10715    5375    3309   28110   26609   22397    3836 
  23080    4266   18727   28462    3271   28101   23250    4520    3161   30614 
   2518    8749   29239   27622    6079    8435   32622    5990    8732    4592 
   8952    4699   26091   13317   20977   19141    2686   18126   15214   15866 
   9013   29733   14012    5579   25509   32207    2842   20415   28474   29157 
  15479   12476   32612   10681    4453   19168     154   21596   22695   18978 
  25832    6034   29402   25233   19449   20746   27288   30980   10016    6499 
  26351   28246   27737    7507   16491   19869   22764   29785   11853   30871 
  28982     251   32602   12609   26628   11307   31665    7996   30230   22257 
   9895   12721    1940   32731    6220    5765   13118    1230   19110    2528 
--------------------------------
      0       0       0       0       0       0       0       0       0       0 
      0       0       0       0       0       0       0       0       0       0 
      0       0       0       0       0       0       0       0       0       0 
      0       0       0       0       0       0       0       0       0       0 
      0       0       0       0       0       0       0       0       0       0 
      0       0       0       0       0       0       0       0       0       0 
      0       0       0       0       0       0       0       0       0       0 
      0       0       0       0       0       0       0       0       0       0 
      0       0       0       0       0       0       0       0       0       0 
      0       0       0       0       0       0       0       0       0       0 
--------------------------------
      0       0       0       0       0       0       0       0       0       0 
      0       0       0       0       0       0       0       0       0       0 
      0       0       0       0       0       0       0       0       0       0 
      0       0       0       0       0       0       0       0       0       0 
      0       0       0       0       0       0       0       0       0       0 
      0       0       0       0       0       0       0       0       0       0 
      0       0       0       0       0       0       0       0       0       0 
      0       0       0       0       0       0       0       0       0       0 
      0       0       0       0       0       0       0       0       0       0 
      0       0       0       0       0       0       0       0       0       0 
--------------------------------
#######Start Sequential Operation 
Sequential Multiplication Time: 10477847
#######Start Parallel Operation 
Parallel time in microseconds: 1372680
261519382355 262540471028 263826517520 264582533704 262583478095 270039203358 253313818346 262163392667 274107119432 261915406441 
272994342890 276745766995 276443376961 275058630106 274249905078 285765496042 265596224184 271463779786 284883256859 269069848072 
272320075868 275008725227 265793570552 267291777464 266439600439 280781986557 263968045955 268285677294 279815700873 267956306661 
271380386032 269811947193 267391138336 276582514699 272109495295 281289421217 264489513626 264529550464 276346153574 271814931929 
276254735698 280351125495 275617659800 270851483482 278483249435 282261266896 266232839149 273284831772 278882204980 271293990284 
263695069703 273685608614 266231530430 268421207274 265309870892 279969009793 259837357856 263495881231 276617016050 263538390098 
269391682380 269620885181 271810777732 270938472869 268905004365 276456541159 261599861377 264892167119 278607514069 266557912243 
271861293656 273634273882 270847741914 271999204383 269744494843 281226666381 262248534603 266673255257 270128743256 268646540765 
266804492277 273594450301 268885341620 274296258353 275380560934 281814483240 265515116788 266603712532 281672530031 269135412453 
266151779502 269841390533 269111200660 266538875399 270693486494 279517152035 261416322553 267719501639 278488160069 268655521374 
--------------------------------
261519382355 262540471028 263826517520 264582533704 262583478095 270039203358 253313818346 262163392667 274107119432 261915406441 
272994342890 276745766995 276443376961 275058630106 274249905078 285765496042 265596224184 271463779786 284883256859 269069848072 
272320075868 275008725227 265793570552 267291777464 266439600439 280781986557 263968045955 268285677294 279815700873 267956306661 
271380386032 269811947193 267391138336 276582514699 272109495295 281289421217 264489513626 264529550464 276346153574 271814931929 
276254735698 280351125495 275617659800 270851483482 278483249435 282261266896 266232839149 273284831772 278882204980 271293990284 
263695069703 273685608614 266231530430 268421207274 265309870892 279969009793 259837357856 263495881231 276617016050 263538390098 
269391682380 269620885181 271810777732 270938472869 268905004365 276456541159 261599861377 264892167119 278607514069 266557912243 
271861293656 273634273882 270847741914 271999204383 269744494843 281226666381 262248534603 266673255257 270128743256 268646540765 
266804492277 273594450301 268885341620 274296258353 275380560934 281814483240 265515116788 266603712532 281672530031 269135412453 
266151779502 269841390533 269111200660 266538875399 270693486494 279517152035 261416322553 267719501639 278488160069 268655521374 
--------------------------------
