   5005    5012   26083    9126    6901   29254   18569   16141     923   25714 
  27275   10081    6176   23578   16824     858    3090    2938    6386   27139 
  12780   27857   14388    6453   31608   29036   22450   31954   14254   27200 
  23214    9416    5674   29547   11345    2435   26773     427   19211   29262 
  26382   11115   30545    8818   20897   31714   31017   28633   24455   14993 
  14984   18464   26164   19775   20996   11280    4378   21617   29407   30382 
  27099   32139     674   23046   19799     208   21846   17352   17424    9611 
   2818   22930   20903   15933   27831   13352   22537   10611    9047   24908 
   1339   17753    3471   20121   12930    9054   26785    6216   16945   12119 
  24835   21829   30185    3854   19028    7925   25547    6747     858   20560 
--------------------------------
  19162   16690   24673   15434   21857    2252   24215    3711    6176   29068 
  15505   25589   23324     507   10894   23746   22199    5068   14683   32272 
  23917   29856    9638    7561   18709   11916   29156   16425     695     355 
   3702    1156   17366   22931   14497   27417   27797   23508   26238   10260 
  31990   21299   22981    8956   13594   21916    2950   31056   29497    7413 
  12917   24190   15310    6371   16041    6021   11181    1374   25520    6422 
   9404   29302   32392    7338   10679   20613   21061   22269   12012   29641 
  17878   14699    1741   25074   12013    9870   15558   16241    6199   12959 
   5129   19439    6582   32412   31540   21967   28905    6712   16154    6504 
  10721   16594   27804   31432   16309   16571   19623   23829   12125   14902 
--------------------------------
      0       0       0       0       0       0       0       0       0       0 
      0       0       0       0       0       0       0       0       0       0 
      0       0       0       0       0       0       0       0       0       0 
      0       0       0       0       0       0       0       0       0       0 
      0       0       0       0       0       0       0       0       0       0 
      0       0       0       0       0       0       0       0       0       0 
      0       0       0       0       0       0       0       0       0       0 
      0       0       0       0       0       0       0       0       0       0 
      0       0       0       0       0       0       0       0       0       0 
      0       0       0       0       0       0       0       0       0       0 
--------------------------------
      0       0       0       0       0       0       0       0       0       0 
      0       0       0       0       0       0       0       0       0       0 
      0       0       0       0       0       0       0       0       0       0 
      0       0       0       0       0       0       0       0       0       0 
      0       0       0       0       0       0       0       0       0       0 
      0       0       0       0       0       0       0       0       0       0 
      0       0       0       0       0       0       0       0       0       0 
      0       0       0       0       0       0       0       0       0       0 
      0       0       0       0       0       0       0       0       0       0 
      0       0       0       0       0       0       0       0       0       0 
--------------------------------
#######Start Sequential Operation 
Sequential Multiplication Time: 10501191
#######Start Parallel Operation 
Parallel time in microseconds: 1337641
267497165510 266182853175 262642985914 261369345477 268069958993 273040805405 275932347025 272857049127 268754862837 262810330132 
269097196909 262372233454 254197693698 261254809497 267677098385 266608005688 267161644570 268339540137 275311881332 261847622231 
276230457269 270563905497 263210477763 262203657587 271520700252 273452729509 276818515691 270000034796 269974853251 266893708094 
269887033117 269097145557 264834497100 262551543194 262864792705 274498131550 268753063302 269377443883 270670321659 269362503473 
264685624655 269029156173 260801473383 259567246752 263427861619 269888748696 277988768229 269932037193 269783802877 267071848476 
269624287879 274543993493 263151479086 264532664473 267657310901 275844710392 273064233191 273613468347 269663017458 265772257432 
256902018319 260525317747 263990948593 261166365592 263531979925 274608223740 270216944803 267947554201 273032281428 262982791486 
270617621191 274421721993 270328809142 266431078314 270878048835 275504697423 281228230508 279897360863 280301503997 279379651939 
258173895397 255818315557 257654133240 252891918074 258495959901 268750714133 263685771652 260248473840 260849239310 254565768670 
260029710170 260084649818 264010446038 260964048990 263918925469 269960524107 271655894411 263847914235 265057607318 265223016731 
--------------------------------
267497165510 266182853175 262642985914 261369345477 268069958993 273040805405 275932347025 272857049127 268754862837 262810330132 
269097196909 262372233454 254197693698 261254809497 267677098385 266608005688 267161644570 268339540137 275311881332 261847622231 
276230457269 270563905497 263210477763 262203657587 271520700252 273452729509 276818515691 270000034796 269974853251 266893708094 
269887033117 269097145557 264834497100 262551543194 262864792705 274498131550 268753063302 269377443883 270670321659 269362503473 
264685624655 269029156173 260801473383 259567246752 263427861619 269888748696 277988768229 269932037193 269783802877 267071848476 
269624287879 274543993493 263151479086 264532664473 267657310901 275844710392 273064233191 273613468347 269663017458 265772257432 
256902018319 260525317747 263990948593 261166365592 263531979925 274608223740 270216944803 267947554201 273032281428 262982791486 
270617621191 274421721993 270328809142 266431078314 270878048835 275504697423 281228230508 279897360863 280301503997 279379651939 
258173895397 255818315557 257654133240 252891918074 258495959901 268750714133 263685771652 260248473840 260849239310 254565768670 
260029710170 260084649818 264010446038 260964048990 263918925469 269960524107 271655894411 263847914235 265057607318 265223016731 
--------------------------------
