   4966   20018     612    4545    5370   31029   15047   11979    6787    3745 
   3938   11991   10079   19270   16643   21157   10679   25408    1228   25240 
  28391   22390   23882   28511    3927   23764   11392    4213    9455   19298 
  14084   15749   19778   14351    4642     856    4958   20622   28218    7861 
   8709   13753   31141     668    6354   22788    4048   10481    6459    8581 
  28535   17415    3599    8075      20   26607    1169   23106   29629   22537 
  13351   27555   12126    8866     468     365   21920   12391   12495   21940 
  10786   32515   19373   13028    1344    3603   14392   21124   14525    3387 
    181   28636   27227   23191   28356   23990     727    4862   30995    8341 
  11373    7970   31749   22336   28686   30572   32057   16251   13472   12533 
--------------------------------
  21253   22842   10320   17793   30098    1723   22267   25030   14449    8916 
  28102    3482    9239   19298   14705    5185    5290   21727   20444     334 
  18232    7641   16221   30298    8641   30040   11038    5258   13061   31004 
  17461   15769   13003   27739   27642   31555   23969    9816   31750    7457 
  10710     698   11082   27028    7637     387   19388   19993   30008   12924 
  11635   30047   23043   20600    5451   32216     311    7647   10548   16528 
   1191    8168    1119   14774    6294    4163    1563    1530   29394    8444 
  30025    7925    5127    1089   26158    4870   28338   25852    3373    4002 
  25971   12649    9956   25929   17612   10913   27525    6070    9116   15012 
  27517   18531    7967   30783    4970   21974   22876    2361   25016   21088 
--------------------------------
      0       0       0       0       0       0       0       0       0       0 
      0       0       0       0       0       0       0       0       0       0 
      0       0       0       0       0       0       0       0       0       0 
      0       0       0       0       0       0       0       0       0       0 
      0       0       0       0       0       0       0       0       0       0 
      0       0       0       0       0       0       0       0       0       0 
      0       0       0       0       0       0       0       0       0       0 
      0       0       0       0       0       0       0       0       0       0 
      0       0       0       0       0       0       0       0       0       0 
      0       0       0       0       0       0       0       0       0       0 
--------------------------------
      0       0       0       0       0       0       0       0       0       0 
      0       0       0       0       0       0       0       0       0       0 
      0       0       0       0       0       0       0       0       0       0 
      0       0       0       0       0       0       0       0       0       0 
      0       0       0       0       0       0       0       0       0       0 
      0       0       0       0       0       0       0       0       0       0 
      0       0       0       0       0       0       0       0       0       0 
      0       0       0       0       0       0       0       0       0       0 
      0       0       0       0       0       0       0       0       0       0 
      0       0       0       0       0       0       0       0       0       0 
--------------------------------
#######Start Sequential Operation 
Sequential Multiplication Time: 10477062
#######Start Parallel Operation 
Parallel time in microseconds: 1351301
266589819577 272662820161 270811617465 270104065399 267974154234 273491756461 271499580106 272370075404 272429478996 284361209629 
258368008967 264115230339 263972607843 261373896845 260395329859 257582546872 258800189704 264737452844 257880713226 266820674672 
286413661032 275423739618 283558512879 280868919132 278984315658 279761737637 271268171819 279900420155 273317708771 286320270403 
270210309990 274553698877 275676669795 280915829016 273125475798 270323918155 277652116175 275287644534 270618174843 279283602250 
262886066695 262571788676 268553685538 268223826051 266855647486 265440523869 262953063719 272047179104 257471886545 274287762933 
264206787068 264881425054 268806685035 267397500313 268674888244 266062526599 270440991262 264329338614 259250994152 275805214675 
272152213241 272148031406 276337878161 277593301174 275760087475 274874995992 272111436673 278203881123 272494744497 282153047821 
275493348394 277641766880 280609485302 282627835475 279116577396 273695772729 272216220720 278175457118 272963742073 288414635335 
266649975988 264690690789 273485740650 270188936660 267928310925 264822545686 264765075447 269683155696 264339483646 282413100372 
269762829806 273349563055 269900796002 277437768734 269617779893 270284691603 273990044350 271202408244 269837610803 283806165949 
--------------------------------
266589819577 272662820161 270811617465 270104065399 267974154234 273491756461 271499580106 272370075404 272429478996 284361209629 
258368008967 264115230339 263972607843 261373896845 260395329859 257582546872 258800189704 264737452844 257880713226 266820674672 
286413661032 275423739618 283558512879 280868919132 278984315658 279761737637 271268171819 279900420155 273317708771 286320270403 
270210309990 274553698877 275676669795 280915829016 273125475798 270323918155 277652116175 275287644534 270618174843 279283602250 
262886066695 262571788676 268553685538 268223826051 266855647486 265440523869 262953063719 272047179104 257471886545 274287762933 
264206787068 264881425054 268806685035 267397500313 268674888244 266062526599 270440991262 264329338614 259250994152 275805214675 
272152213241 272148031406 276337878161 277593301174 275760087475 274874995992 272111436673 278203881123 272494744497 282153047821 
275493348394 277641766880 280609485302 282627835475 279116577396 273695772729 272216220720 278175457118 272963742073 288414635335 
266649975988 264690690789 273485740650 270188936660 267928310925 264822545686 264765075447 269683155696 264339483646 282413100372 
269762829806 273349563055 269900796002 277437768734 269617779893 270284691603 273990044350 271202408244 269837610803 283806165949 
--------------------------------
