859838566 14822256 455621874 991584399 539204212 446261165 102520471 592485571 89038881 72829734 
888225905 438744462 183805874 489058191 957794238 469251623 847504797 724693908 636997171 63281987 
896152974 967700369 659225867 309701558 338521733 431592738 9675448 638681924 236522505 366042063 
454651092 522947425 304135117 49375247 800684567 200977684 350751620 748447749 213048723 431977059 
76231594 955299252 966591580 913989095 33307016 91122773 519633819 98734501 243019555 362045531 
56124018 268047961 432359469 427358659 937456192 875628415 20385787 380993237 545703064 760800108 
75978074 121368480 73322636 47755361 731761381 960095629 834892634 288095762 681596765 690314555 
25947413 814527941 194567010 619576614 266904202 185834519 778623937 74844064 432682797 782097972 
450696186 724087767 78090253 724964927 14469835 16476021 109717515 11899870 943974313 189457460 
152825778 652068810 612226473 37687086 305110591 352085393 89878345 873888986 685354016 188348000 
--------------------------------
836617784 41310430 721319924 481768402 32744548 38431860 639452743 16682807 620674833 668523778 
721313419 749764312 782713283 814611830 940155971 289570518 974454380 807329014 234093212 807044027 
30351550 622009048 92858603 830212680 675829913 209081356 691873449 560578222 419800041 433187756 
161735045 555540490 320496776 568808430 403235827 209633095 808215976 477043252 352313495 183644502 
11302673 55036289 570937489 942014951 138865800 606631946 405398337 655250515 320288102 910771595 
459419711 339051729 166644318 488129034 669575764 89823704 856374718 38142060 604955581 995761996 
257361354 595640145 751917700 57798856 186639793 231229537 603423835 838006094 498430105 851012150 
60547782 62990458 65881465 948610002 575638299 829220191 544451974 154127015 661902760 782885431 
115474655 746754184 903981232 620720369 610809123 45225243 823164984 706452366 800434546 803263641 
474955758 18770470 359199302 608167968 20853853 931371335 530010563 784127200 296595646 66977399 
--------------------------------
      0       0       0       0       0       0       0       0       0       0 
      0       0       0       0       0       0       0       0       0       0 
      0       0       0       0       0       0       0       0       0       0 
      0       0       0       0       0       0       0       0       0       0 
      0       0       0       0       0       0       0       0       0       0 
      0       0       0       0       0       0       0       0       0       0 
      0       0       0       0       0       0       0       0       0       0 
      0       0       0       0       0       0       0       0       0       0 
      0       0       0       0       0       0       0       0       0       0 
      0       0       0       0       0       0       0       0       0       0 
--------------------------------
      0       0       0       0       0       0       0       0       0       0 
      0       0       0       0       0       0       0       0       0       0 
      0       0       0       0       0       0       0       0       0       0 
      0       0       0       0       0       0       0       0       0       0 
      0       0       0       0       0       0       0       0       0       0 
      0       0       0       0       0       0       0       0       0       0 
      0       0       0       0       0       0       0       0       0       0 
      0       0       0       0       0       0       0       0       0       0 
      0       0       0       0       0       0       0       0       0       0 
      0       0       0       0       0       0       0       0       0       0 
--------------------------------
#######Start Sequential Operation 
Sequential Multiplication Time: 13063599
#######Start Parallel Operation 
Parallel time in microseconds: 6578975
7188224157129393218 7919047799127123425 5194264655716446323 15628472853391453569 12573893432992734772 10084262459105541787 15526511076559617902 16548253524861786746 14477573273035391289 13935035427179561145 
12134157489447824431 494977774666881332 11358123903853834646 1411002031907576204 23598558603305178 18312114300966508732 1365228629009162296 17555531606704596678 5895603675199275997 12863884745995806100 
13189919948500860555 16809367713503891901 9342093128312546518 18385383191370490502 14315795552484915653 17403685932052431056 12173612736196707822 15593559973854521556 1994013778617437945 18385917439519389860 
13296436558688365072 15574070155713073643 16651433561438814513 786560120068088541 16376947182065907211 1151416901549494759 13279484015915856646 16714416998280791180 2349709418889256707 17176743479615000664 
11111873629591218822 15906395649465317401 7420608825104747329 15245573893865872605 9573238310433444890 9990980001228848947 13270631189325260470 16811791086502106917 12260863446427014964 15371713943511805585 
15451880580624422587 3844721873882721367 15723631341038222715 2851470073672214058 846230197519517841 16986427969709852546 17814808354638209833 4408832106918283353 6559599492896774297 823125541763372322 
13280799927613975150 18034853164839228361 12245274933581559226 4962431104599989261 2237762523457333122 293761438684113853 12310095349988486627 16609725057973380520 3242051785002574579 14510133951037173493 
11958914782527939678 16843809198693817868 6520641057779076427 13548569481017207975 13648278293074611912 12331622460424119249 11379126084795850522 17323311880185868175 2819883581356188632 15673145407332977385 
16350894249340056032 1219963644678708385 1338570132825021822 4091502230526525119 16825140822610184026 944522597192575307 169679248519150820 14985889645149398591 3102595253473319084 2667637306361004709 
17756162592160231172 2060229533881440842 9625703603759913123 2100144510183792222 2231515720082004285 16212656577198756996 4435441391230156434 121583617184222049 3475936080764339290 5064149422109688939 
--------------------------------
7188224157129393218 7919047799127123425 5194264655716446323 15628472853391453569 12573893432992734772 10084262459105541787 15526511076559617902 16548253524861786746 14477573273035391289 13935035427179561145 
12134157489447824431 494977774666881332 11358123903853834646 1411002031907576204 23598558603305178 18312114300966508732 1365228629009162296 17555531606704596678 5895603675199275997 12863884745995806100 
13189919948500860555 16809367713503891901 9342093128312546518 18385383191370490502 14315795552484915653 17403685932052431056 12173612736196707822 15593559973854521556 1994013778617437945 18385917439519389860 
13296436558688365072 15574070155713073643 16651433561438814513 786560120068088541 16376947182065907211 1151416901549494759 13279484015915856646 16714416998280791180 2349709418889256707 17176743479615000664 
11111873629591218822 15906395649465317401 7420608825104747329 15245573893865872605 9573238310433444890 9990980001228848947 13270631189325260470 16811791086502106917 12260863446427014964 15371713943511805585 
15451880580624422587 3844721873882721367 15723631341038222715 2851470073672214058 846230197519517841 16986427969709852546 17814808354638209833 4408832106918283353 6559599492896774297 823125541763372322 
13280799927613975150 18034853164839228361 12245274933581559226 4962431104599989261 2237762523457333122 293761438684113853 12310095349988486627 16609725057973380520 3242051785002574579 14510133951037173493 
11958914782527939678 16843809198693817868 6520641057779076427 13548569481017207975 13648278293074611912 12331622460424119249 11379126084795850522 17323311880185868175 2819883581356188632 15673145407332977385 
16350894249340056032 1219963644678708385 1338570132825021822 4091502230526525119 16825140822610184026 944522597192575307 169679248519150820 14985889645149398591 3102595253473319084 2667637306361004709 
17756162592160231172 2060229533881440842 9625703603759913123 2100144510183792222 2231515720082004285 16212656577198756996 4435441391230156434 121583617184222049 3475936080764339290 5064149422109688939 
--------------------------------
