72844712 131846670 922267028 465609264 707053131 859361264 160183849 241515395 455139575 860279563 
408489848 519908865 47578770 318023528 315176527 349295557 909224718 848789647 324833659 778576854 
138138399 930598525 709106735 635273244 115075488 208543221 598825172 594858650 482465916 795792125 
126880819 638787753 855173214 69747384 786118305 817672975 680387952 513339947 276910264 122374039 
81733470 811278436 186338725 968016085 903716259 559904416 916064865 47779625 287697629 962043153 
131451498 873619148 205571270 717136281 991272250 127215109 492996771 58757180 623874703 597239941 
5683810 154651148 646022437 554054111 244826818 378806707 345710136 146601564 563272403 824344801 
850991811 679533775 903033864 384469352 60885264 656524567 744543140 672405055 361348138 950975802 
796612539 358398044 558642155 881904580 733993934 645422028 401927138 267305857 702151388 382813144 
157606515 476273771 922821692 454033896 611055631 447695512 942539475 585416659 981494425 901837255 
--------------------------------
255254675 758072503 546287615 347551915 375346571 556911182 723006074 432712410 98038954 39717587 
83580204 307311094 126962746 18911834 989407747 848117172 314467980 346122637 971651715 98010337 
154029534 95185151 808166809 23819726 857443658 851593939 381297036 605051340 863622611 25279822 
893060229 229064201 562607890 676113389 178691350 465619838 952951977 53745790 50288669 611388560 
105096126 115162371 527497332 697814927 507417482 220769466 403502151 107866507 64263089 107351224 
682342066 896626737 713451443 250717622 444365714 870563817 90848214 125521248 228920099 910392146 
85229700 732217625 533233446 868557413 130937642 137563948 861370666 261102076 474523626 796176761 
262046564 49910537 324920656 114280812 759131146 874914199 97539128 824812764 649170309 954870883 
637781112 261929816 587947921 414934526 959399116 122152736 583255613 8342152 448983358 551456559 
262784594 631434476 572493160 102443929 145679921 369929980 445470351 19805708 910165832 107387116 
--------------------------------
      0       0       0       0       0       0       0       0       0       0 
      0       0       0       0       0       0       0       0       0       0 
      0       0       0       0       0       0       0       0       0       0 
      0       0       0       0       0       0       0       0       0       0 
      0       0       0       0       0       0       0       0       0       0 
      0       0       0       0       0       0       0       0       0       0 
      0       0       0       0       0       0       0       0       0       0 
      0       0       0       0       0       0       0       0       0       0 
      0       0       0       0       0       0       0       0       0       0 
      0       0       0       0       0       0       0       0       0       0 
--------------------------------
      0       0       0       0       0       0       0       0       0       0 
      0       0       0       0       0       0       0       0       0       0 
      0       0       0       0       0       0       0       0       0       0 
      0       0       0       0       0       0       0       0       0       0 
      0       0       0       0       0       0       0       0       0       0 
      0       0       0       0       0       0       0       0       0       0 
      0       0       0       0       0       0       0       0       0       0 
      0       0       0       0       0       0       0       0       0       0 
      0       0       0       0       0       0       0       0       0       0 
      0       0       0       0       0       0       0       0       0       0 
--------------------------------
#######Start Sequential Operation 
Sequential Multiplication Time: 13069222
#######Start Parallel Operation 
Parallel time in microseconds: 6578239
10714287812481491602 6670452624162354422 15987025325152697054 2889362904266318089 17603182659607098099 9015339785867844685 3979761252400314872 4664217033021832263 16299059080749567433 11474465156912088096 
11712976378408159241 13673721861010397545 18084733716722210282 8551253828974177097 2264064486537415779 15269262708414758245 14777173420488832242 16771467977516075478 16882857416821276427 4058523836802003119 
8827940552883538788 8259056473400996794 9251971981310155955 14321501979010811025 12103281956146146075 8464283024453465332 1304940032483315687 3452900294074628957 7446191786133327560 11713161469763148298 
10272384303387533092 13344604125356861230 16852136047674782046 4849015315733754271 1260435854169960349 13554326996912705470 5320667422723444121 15552900557871744735 10485310282790036236 14982434990506700305 
10023649719527262821 15567459480588030612 8679048086641683039 16516646116308067943 17275302548401694846 3272851625331493380 12254150769264083770 7605879447416396943 7264277243470210927 7789572384822469760 
17371341856077951364 1380475928838194399 2703414111745627255 9324030925603974420 6538452077323812465 13479660836972683212 6604588630725603358 17109695553480256536 12690052373580379456 697085310473153681 
3425727094475348859 3023110478448316373 5551265403353654744 12961991822437045017 17364912848380442879 3744989788798397819 13794414243380825678 5213816380899795282 4866322910326392409 11393028770339333742 
5025688943690656711 3971046928656059607 7362304753926272959 13786903546244799284 11161506109728452928 2838123346464984405 4541865170006065220 1646000765123155160 785620247531644339 702106438929778726 
4115400085943290704 7784705785154636967 10391587217762500791 14360117035580353010 11360917634820587857 6574504095069412906 13796872019034800947 3997594375406106135 1094258563289650905 12215843553338895623 
6994460238013348749 9899707080464101336 7898875584671914912 13435063733326519959 14566047166413710682 5440903694462905756 2176488875738956161 15937728680745689211 6347925908510325247 6085531938731646931 
--------------------------------
10714287812481491602 6670452624162354422 15987025325152697054 2889362904266318089 17603182659607098099 9015339785867844685 3979761252400314872 4664217033021832263 16299059080749567433 11474465156912088096 
11712976378408159241 13673721861010397545 18084733716722210282 8551253828974177097 2264064486537415779 15269262708414758245 14777173420488832242 16771467977516075478 16882857416821276427 4058523836802003119 
8827940552883538788 8259056473400996794 9251971981310155955 14321501979010811025 12103281956146146075 8464283024453465332 1304940032483315687 3452900294074628957 7446191786133327560 11713161469763148298 
10272384303387533092 13344604125356861230 16852136047674782046 4849015315733754271 1260435854169960349 13554326996912705470 5320667422723444121 15552900557871744735 10485310282790036236 14982434990506700305 
10023649719527262821 15567459480588030612 8679048086641683039 16516646116308067943 17275302548401694846 3272851625331493380 12254150769264083770 7605879447416396943 7264277243470210927 7789572384822469760 
17371341856077951364 1380475928838194399 2703414111745627255 9324030925603974420 6538452077323812465 13479660836972683212 6604588630725603358 17109695553480256536 12690052373580379456 697085310473153681 
3425727094475348859 3023110478448316373 5551265403353654744 12961991822437045017 17364912848380442879 3744989788798397819 13794414243380825678 5213816380899795282 4866322910326392409 11393028770339333742 
5025688943690656711 3971046928656059607 7362304753926272959 13786903546244799284 11161506109728452928 2838123346464984405 4541865170006065220 1646000765123155160 785620247531644339 702106438929778726 
4115400085943290704 7784705785154636967 10391587217762500791 14360117035580353010 11360917634820587857 6574504095069412906 13796872019034800947 3997594375406106135 1094258563289650905 12215843553338895623 
6994460238013348749 9899707080464101336 7898875584671914912 13435063733326519959 14566047166413710682 5440903694462905756 2176488875738956161 15937728680745689211 6347925908510325247 6085531938731646931 
--------------------------------
