107465170 672795566 349894868 40162877 135417859 71063500 467673307 983934973 96104086 601366053 
190176104 622369312 400488681 517209349 3603125 859535466 575350171 909701200 822978183 198388959 
744045873 175753325 885506935 902991469 754898491 216444239 222344060 393936175 223440558 17014671 
775383968 67519510 29800650 930654895 700675497 773949891 100239368 282408134 582727941 655607365 
244090423 907290520 671841241 318363550 297521768 532117454 912303536 758787861 290265356 412630421 
107258938 193630052 312289854 331611572 110734108 593662867 316359473 272464289 27341222 775151013 
951976744 863859850 78153333 220499055 331970149 116787226 852948629 783267827 396940565 188256667 
249147951 37721125 215794603 460961130 721782423 135225372 188070738 610538973 436663215 662644064 
268965259 480664049 956033378 704740243 37116805 54580972 781161312 622459459 863047488 343305516 
356672083 273749481 749929932 437689388 633592159 944340995 301623797 63127340 977410060 968142601 
--------------------------------
573441307 949352558 97087473 500679538 178186751 901647163 338817589 772732390 940363127 534467398 
44296379 864342274 263013726 856685890 498940412 811711612 719473999 760578670 314699039 172589981 
122233722 523883107 35209554 167070926 23589944 755526772 713474784 703500861 780099737 401114830 
264133205 728287475 26129071 855661592 369165774 940145590 120093418 377053580 891080364 144249438 
244459637 125042510 322406007 362330008 388045136 223142320 143364583 563556563 223165686 423981923 
511777333 877922475 941690132 18348235 626785518 631903914 367704801 503437141 414793470 96905087 
216455966 980748823 762202370 427549335 752827529 640722112 213222520 252455628 395884890 739735445 
396246528 592445194 816312224 178006773 658888441 305807871 404444560 506973825 701254205 487684198 
483127748 239078795 612412075 619689443 78275440 602737653 120991541 123061448 696859830 296310539 
32315777 191874369 502804373 188310613 336735208 450150874 704235944 375502329 849661975 485680716 
--------------------------------
      0       0       0       0       0       0       0       0       0       0 
      0       0       0       0       0       0       0       0       0       0 
      0       0       0       0       0       0       0       0       0       0 
      0       0       0       0       0       0       0       0       0       0 
      0       0       0       0       0       0       0       0       0       0 
      0       0       0       0       0       0       0       0       0       0 
      0       0       0       0       0       0       0       0       0       0 
      0       0       0       0       0       0       0       0       0       0 
      0       0       0       0       0       0       0       0       0       0 
      0       0       0       0       0       0       0       0       0       0 
--------------------------------
      0       0       0       0       0       0       0       0       0       0 
      0       0       0       0       0       0       0       0       0       0 
      0       0       0       0       0       0       0       0       0       0 
      0       0       0       0       0       0       0       0       0       0 
      0       0       0       0       0       0       0       0       0       0 
      0       0       0       0       0       0       0       0       0       0 
      0       0       0       0       0       0       0       0       0       0 
      0       0       0       0       0       0       0       0       0       0 
      0       0       0       0       0       0       0       0       0       0 
      0       0       0       0       0       0       0       0       0       0 
--------------------------------
#######Start Sequential Operation 
Sequential Multiplication Time: 15925660
#######Start Parallel Operation 
Parallel time in microseconds: 6571373
2881481493231315402 2541721129142209629 13117479661038437849 13963830436826064935 8990890299074234397 9062917862168511141 18121143486359256709 10146138874650561553 679943810221469368 225154465603238772 
12701075875967205859 4129715080052181893 2746611562409523375 1464048993901516239 16721568263120021634 18112139780925574799 4793482343693909746 3766174747057534539 4860731863199172317 4789432006930424504 
5697160703834399308 1675573187149957451 4316232958279977831 1199355095497324430 4547582335342407847 13962853395115199576 13807962942385187729 15092736043880885644 8980065218352703125 1666407956442710865 
2674982729989428347 575414584807350139 8745278342389598013 6643272018937574803 12627027919603055532 16384242766837500148 13533477667670886774 14841539129997027367 8913251694160870624 8397568266651183624 
4495265136211267396 809922869412787916 12342223190588759229 6114626375751340443 15443395699329155208 446295878810604311 3232803449908354107 3327936849595731130 7168954186449255975 5231555497698896439 
5571652581990493575 17627152013475028562 5736810850260504246 5825886139771778357 14529610424759071780 14201981940009298340 17798201833285548996 18432476367025775625 5013967445206719873 1788498809320124216 
10320136810257465396 7430810617092527302 6365979611430080557 8459611308634255432 18444823509596721182 17347943643081471224 5189965935629481517 2856226862561831142 6795849272525714786 7338179832520883508 
4817370444409314123 6850427814171779789 12291549782146790934 5194833659493023135 17123707090260150526 12389016708953208131 2860609567084229238 1520729263532951279 10137931365363563899 8032122776088558922 
4063421099128550771 3995495128725451358 11353741323541087276 5289770054807730534 14055485272240970210 14316545334343509871 15952126579106300725 15519668301212227628 11024459744985207978 8925993016978899375 
4203030511867455786 11966410614889161354 12095692640259488474 7260040763009387090 3703903471409827079 8192505410284444352 5219122864632681976 10131429936815988034 14715189431171340823 16554724770230709416 
--------------------------------
2881481493231315402 2541721129142209629 13117479661038437849 13963830436826064935 8990890299074234397 9062917862168511141 18121143486359256709 10146138874650561553 679943810221469368 225154465603238772 
12701075875967205859 4129715080052181893 2746611562409523375 1464048993901516239 16721568263120021634 18112139780925574799 4793482343693909746 3766174747057534539 4860731863199172317 4789432006930424504 
5697160703834399308 1675573187149957451 4316232958279977831 1199355095497324430 4547582335342407847 13962853395115199576 13807962942385187729 15092736043880885644 8980065218352703125 1666407956442710865 
2674982729989428347 575414584807350139 8745278342389598013 6643272018937574803 12627027919603055532 16384242766837500148 13533477667670886774 14841539129997027367 8913251694160870624 8397568266651183624 
4495265136211267396 809922869412787916 12342223190588759229 6114626375751340443 15443395699329155208 446295878810604311 3232803449908354107 3327936849595731130 7168954186449255975 5231555497698896439 
5571652581990493575 17627152013475028562 5736810850260504246 5825886139771778357 14529610424759071780 14201981940009298340 17798201833285548996 18432476367025775625 5013967445206719873 1788498809320124216 
10320136810257465396 7430810617092527302 6365979611430080557 8459611308634255432 18444823509596721182 17347943643081471224 5189965935629481517 2856226862561831142 6795849272525714786 7338179832520883508 
4817370444409314123 6850427814171779789 12291549782146790934 5194833659493023135 17123707090260150526 12389016708953208131 2860609567084229238 1520729263532951279 10137931365363563899 8032122776088558922 
4063421099128550771 3995495128725451358 11353741323541087276 5289770054807730534 14055485272240970210 14316545334343509871 15952126579106300725 15519668301212227628 11024459744985207978 8925993016978899375 
4203030511867455786 11966410614889161354 12095692640259488474 7260040763009387090 3703903471409827079 8192505410284444352 5219122864632681976 10131429936815988034 14715189431171340823 16554724770230709416 
--------------------------------
