432313407 166086085 230876382 864276681 934157449 186004663 214578843 15812500 658946940 640837056 
579699455 68328167 232380055 238527603 596330763 228428762 308547510 425938541 792944017 636794791 
521853319 736417486 760773948 364389121 623684839 958629750 917313783 852721795 46554144 845994884 
938820562 50137305 866950551 416612755 42962516 587609514 682216771 122609449 264504287 103330357 
107585540 71309093 925704847 532843848 133238359 981908587 134163528 208021633 549804058 884566060 
497359615 47662916 713116107 237914370 458451074 234459937 684138328 975521099 821618565 100665344 
53573451 621541582 486424835 90716063 329573548 83051370 135913954 692819053 515237407 360043045 
830688775 34929126 539004885 329538610 119674025 983345383 686894335 487586576 258682340 144510355 
641380834 477069904 740555763 809185493 674385623 568248263 463975342 2736251 931235299 379344503 
5216534 266335964 96903298 592052259 165672445 214195260 394775579 362915627 830985765 118824399 
--------------------------------
811886800 621090017 359741634 127960116 789428197 57360395 792780684 770240256 769510131 616338915 
495110069 133947576 800091680 998954509 502661943 290767064 484256811 252008652 968559586 676515010 
859213433 30029239 818046380 125138733 876721707 251687245 64545178 842233307 603522568 545966636 
779739452 94635821 25989805 825082948 509720792 832278845 69119373 704801380 881824587 990391933 
69056555 317196125 100392857 785615418 111240173 891514329 872270882 126562457 933011654 52534102 
500629270 72711902 31476324 233907745 935894934 402589226 317889218 141947130 183911906 275488459 
390139052 927019872 794508720 38940138 186103783 39544300 185368936 975421107 388286098 320816973 
42375289 355762051 854217363 375951580 141268805 113783887 637942436 371733229 436784722 936524604 
464164487 315552934 439398568 661525937 569664015 251132500 817956681 599746556 520360107 311189705 
192333059 150335113 413802812 235469859 689966970 375079241 74682606 575734794 465291135 928902616 
--------------------------------
      0       0       0       0       0       0       0       0       0       0 
      0       0       0       0       0       0       0       0       0       0 
      0       0       0       0       0       0       0       0       0       0 
      0       0       0       0       0       0       0       0       0       0 
      0       0       0       0       0       0       0       0       0       0 
      0       0       0       0       0       0       0       0       0       0 
      0       0       0       0       0       0       0       0       0       0 
      0       0       0       0       0       0       0       0       0       0 
      0       0       0       0       0       0       0       0       0       0 
      0       0       0       0       0       0       0       0       0       0 
--------------------------------
      0       0       0       0       0       0       0       0       0       0 
      0       0       0       0       0       0       0       0       0       0 
      0       0       0       0       0       0       0       0       0       0 
      0       0       0       0       0       0       0       0       0       0 
      0       0       0       0       0       0       0       0       0       0 
      0       0       0       0       0       0       0       0       0       0 
      0       0       0       0       0       0       0       0       0       0 
      0       0       0       0       0       0       0       0       0       0 
      0       0       0       0       0       0       0       0       0       0 
      0       0       0       0       0       0       0       0       0       0 
--------------------------------
#######Start Sequential Operation 
Sequential Multiplication Time: 13157832
#######Start Parallel Operation 
Parallel time in microseconds: 6584066
11303508666602817593 5465429546940080538 1983658707551242483 8942337985513945606 3113470628182218525 2437796088454750556 13731505268993019368 6660274422360429745 3945485623844691325 12894653877740182544 
4939879196977076306 7032146876981717186 1617815551838389521 1428534269798226866 7751663189928939033 15998728098542356529 11372934683453309196 5468116176041959749 3004597307542617985 2585949259829381505 
8518989844889754370 17313770482843218629 439592726358522219 2762176914142035534 7117554503421141639 9947065781368668226 4340155373529739868 17313932805503244808 16366061393135944390 7577142381158936702 
8003850130554163771 7456242333635687974 4566627564757963573 5023421804656481319 9631830847116987855 2839639951676552617 13362946535509586377 2758739921892383665 758553063366245360 6844563223164159654 
11244872223464686023 5255935115232786530 3986101742985931485 9124072087650159713 9343813701803869012 17471623143221782211 9295697596028929022 699492680227680169 17235122367969438321 4468443991379033866 
1768749744958272228 3531107190399678942 7977742778114601031 15396903901710462901 876308546713077424 6600783409030764765 6996717093336058670 13770672180225734253 10419960286637244635 3235977774238087481 
6141703520047951941 6111286936962374755 15308207704973232040 2207220426504196032 2792549023505936109 8019216033700115333 5725235611819488011 16838513573493396566 14528349468427082620 3665533526966128305 
9280921181765904239 12902978309376935850 16557301738114558149 3875976798753893115 9801685668432266775 1777449879372689344 14231835926676286140 2704493180529152659 4946838174565975150 9054899175972532613 
4324735705979131768 3703897604307400471 13811788545542001756 14997890579594816184 16935943619988934084 9408712080772782137 2980955716053404042 11972390536177189935 11345269587007965678 2887407525876884674 
16284056826249939710 6953523588547397231 16910044110015432975 1085433435560046065 5961097618313535262 13572137128712961286 9533243402275723087 16308673334855596790 13418180813032828720 15189887204879664267 
--------------------------------
11303508666602817593 5465429546940080538 1983658707551242483 8942337985513945606 3113470628182218525 2437796088454750556 13731505268993019368 6660274422360429745 3945485623844691325 12894653877740182544 
4939879196977076306 7032146876981717186 1617815551838389521 1428534269798226866 7751663189928939033 15998728098542356529 11372934683453309196 5468116176041959749 3004597307542617985 2585949259829381505 
8518989844889754370 17313770482843218629 439592726358522219 2762176914142035534 7117554503421141639 9947065781368668226 4340155373529739868 17313932805503244808 16366061393135944390 7577142381158936702 
8003850130554163771 7456242333635687974 4566627564757963573 5023421804656481319 9631830847116987855 2839639951676552617 13362946535509586377 2758739921892383665 758553063366245360 6844563223164159654 
11244872223464686023 5255935115232786530 3986101742985931485 9124072087650159713 9343813701803869012 17471623143221782211 9295697596028929022 699492680227680169 17235122367969438321 4468443991379033866 
1768749744958272228 3531107190399678942 7977742778114601031 15396903901710462901 876308546713077424 6600783409030764765 6996717093336058670 13770672180225734253 10419960286637244635 3235977774238087481 
6141703520047951941 6111286936962374755 15308207704973232040 2207220426504196032 2792549023505936109 8019216033700115333 5725235611819488011 16838513573493396566 14528349468427082620 3665533526966128305 
9280921181765904239 12902978309376935850 16557301738114558149 3875976798753893115 9801685668432266775 1777449879372689344 14231835926676286140 2704493180529152659 4946838174565975150 9054899175972532613 
4324735705979131768 3703897604307400471 13811788545542001756 14997890579594816184 16935943619988934084 9408712080772782137 2980955716053404042 11972390536177189935 11345269587007965678 2887407525876884674 
16284056826249939710 6953523588547397231 16910044110015432975 1085433435560046065 5961097618313535262 13572137128712961286 9533243402275723087 16308673334855596790 13418180813032828720 15189887204879664267 
--------------------------------
