  24407   25135   13714   16616   25346   12042    7671   16516    7677    3684 
  24577   11538    1996   15140   31456   21459   27346   26747    8196   12712 
  26437   20225   25109   15243   29927   27562   16339   15208    4946   13326 
  16668    7102    7735    4655    2479    7153   21860   23805    8479   12438 
   8640    4425    4667   28000   16915   23626   18476   30505   10983   15489 
  13737   26596    8297   27056    1834    1684   10517   18975   23136   30545 
  12688    8719   18250    8688   12877   26353    3400   15439   12677    6854 
  25199    7307   12712   16176    7447   19394    7727   27242    6798    2786 
  15741    7770   18060    2242   12639    5543   10609   14177   30708   26085 
  28725   26812   14654   29751   31040   18307   12536   23653   13425    5200 
--------------------------------
    591   26155    8888    3682   20074   18577   31558   14393   23671   14977 
   8448   30114   14124   28132     166   11455   21887   12656   19042   11940 
  29169   30340   24194   15987   11384   22610   15445   30548    7815    4084 
  13626   12686   28511    5083   19477    7972   27279    8915     316   20844 
  29229   28861   19367   26411   26865   24148   28209   14874   29204   30538 
  18272   20301   12415   26287   27586   19518   30847     149    6118   26378 
  15017    2492    1613   17909   27773   18559   11776   18162    4294   14187 
   2332   19911   12469    3528     598   11253   30327   15134   16905     105 
  30478    2667   24221   27702    5060    6332   19690   14405   10309   11072 
   8213   16357   23081    1165    9849   18993    3999    5844   10061   17006 
--------------------------------
      0       0       0       0       0       0       0       0       0       0 
      0       0       0       0       0       0       0       0       0       0 
      0       0       0       0       0       0       0       0       0       0 
      0       0       0       0       0       0       0       0       0       0 
      0       0       0       0       0       0       0       0       0       0 
      0       0       0       0       0       0       0       0       0       0 
      0       0       0       0       0       0       0       0       0       0 
      0       0       0       0       0       0       0       0       0       0 
      0       0       0       0       0       0       0       0       0       0 
      0       0       0       0       0       0       0       0       0       0 
--------------------------------
      0       0       0       0       0       0       0       0       0       0 
      0       0       0       0       0       0       0       0       0       0 
      0       0       0       0       0       0       0       0       0       0 
      0       0       0       0       0       0       0       0       0       0 
      0       0       0       0       0       0       0       0       0       0 
      0       0       0       0       0       0       0       0       0       0 
      0       0       0       0       0       0       0       0       0       0 
      0       0       0       0       0       0       0       0       0       0 
      0       0       0       0       0       0       0       0       0       0 
      0       0       0       0       0       0       0       0       0       0 
--------------------------------
#######Start Sequential Operation 
Sequential Multiplication Time: 111724829
#######Start Parallel Operation 
Parallel time in microseconds: 40349633
268962960171 268886963870 271119833777 275371654583 268896487376 270728988945 268905624010 265466202587 271342939397 273519693283 
264387503760 269867823591 269488296831 266962389818 261079369560 264474928625 271609575699 264928943060 265775711971 266892642977 
273171165613 269816609186 276752345049 270096753078 271253575079 269471362011 271841796246 267750031309 275292493520 273742536735 
276951993541 270618830819 277253194422 274381434202 275672554120 272071694745 276267480563 274775004488 272841552076 277597476447 
271780681256 269317241888 274778143925 276502346149 269964337676 268060339392 271306527908 267050148976 272243393204 271694357309 
268360827638 265053513463 268180578344 269206255004 262050581355 264015089924 269716656612 268935175594 269275898010 274251170510 
265024442660 251401810536 265197783684 258654334316 254347458879 255948570480 258818112827 260857310087 255420843001 257985656402 
273677189095 266091674668 271995605567 274947203179 262879034607 263304104861 272700096293 263931512592 267804899172 270263666005 
276814089847 270529131314 274557533048 268736006582 264553803258 266220054270 273338642475 267282886852 269926572791 274683987279 
281257409293 272779227266 283411973978 279828693330 270954685838 269153882256 273555957359 274273745951 279034845851 275593025635 
--------------------------------
268962960171 268886963870 271119833777 275371654583 268896487376 270728988945 268905624010 265466202587 271342939397 273519693283 
264387503760 269867823591 269488296831 266962389818 261079369560 264474928625 271609575699 264928943060 265775711971 266892642977 
273171165613 269816609186 276752345049 270096753078 271253575079 269471362011 271841796246 267750031309 275292493520 273742536735 
276951993541 270618830819 277253194422 274381434202 275672554120 272071694745 276267480563 274775004488 272841552076 277597476447 
271780681256 269317241888 274778143925 276502346149 269964337676 268060339392 271306527908 267050148976 272243393204 271694357309 
268360827638 265053513463 268180578344 269206255004 262050581355 264015089924 269716656612 268935175594 269275898010 274251170510 
265024442660 251401810536 265197783684 258654334316 254347458879 255948570480 258818112827 260857310087 255420843001 257985656402 
273677189095 266091674668 271995605567 274947203179 262879034607 263304104861 272700096293 263931512592 267804899172 270263666005 
276814089847 270529131314 274557533048 268736006582 264553803258 266220054270 273338642475 267282886852 269926572791 274683987279 
281257409293 272779227266 283411973978 279828693330 270954685838 269153882256 273555957359 274273745951 279034845851 275593025635 
--------------------------------
