  23091    2065   18476    7482   23079    6112   31368   18739   13466   19568 
  21814   15596   26563    4269    3523   25969   28245   22246    6989   25374 
   7319   22332   32666   24202    4150    8883   19076   25640   29472    4618 
  32276   23206   14463   15878   23134   22381   23810   30286   29711    6426 
   2218    5648   24703   13717   11863    7842    8443   10731   10072    4978 
  23702   29598   15080   27373   26494   30361    3804     726   14201   18296 
  31572   18614   20549   29442   19057    4309   27731   15395   16429   30416 
   6051    9724   15973    8715   21772    8732    7245    6183    7793   11872 
  25982   10069    2131   23419    3692   12915   28406   12407   16516    5708 
  27171   17383   26206   25095   22255   27935   29116   17896   30177   16889 
--------------------------------
  27127   27968   32047    3726    7377     826   15293    6726    3874    4487 
  27343     394   10769   28402   29860    5226   11072    9584   21369   15206 
  13018   29763   29566   28649    3650   30547    2287    5055   13504    3930 
   3298    3710   21266   32724   13074   26792   24322   26933   16129    8628 
  32752   14218   21156    8019   20670   27481   12274   25618    2692   29956 
  24396    1272    7246   29001    2352   22680    1657    3287   19411    2589 
  23167   19099    2665   19158   17039   28628    1422   17990   25526   28685 
   3411   10882   14222   17242   14149   26304   30829   23903   28471   21544 
   4049    9470    3733   17527    1532   31051   25228    6500   22431    4605 
   1601   10401   23193    6671   16795   31144    4005   19413   25206   17245 
--------------------------------
      0       0       0       0       0       0       0       0       0       0 
      0       0       0       0       0       0       0       0       0       0 
      0       0       0       0       0       0       0       0       0       0 
      0       0       0       0       0       0       0       0       0       0 
      0       0       0       0       0       0       0       0       0       0 
      0       0       0       0       0       0       0       0       0       0 
      0       0       0       0       0       0       0       0       0       0 
      0       0       0       0       0       0       0       0       0       0 
      0       0       0       0       0       0       0       0       0       0 
      0       0       0       0       0       0       0       0       0       0 
--------------------------------
      0       0       0       0       0       0       0       0       0       0 
      0       0       0       0       0       0       0       0       0       0 
      0       0       0       0       0       0       0       0       0       0 
      0       0       0       0       0       0       0       0       0       0 
      0       0       0       0       0       0       0       0       0       0 
      0       0       0       0       0       0       0       0       0       0 
      0       0       0       0       0       0       0       0       0       0 
      0       0       0       0       0       0       0       0       0       0 
      0       0       0       0       0       0       0       0       0       0 
      0       0       0       0       0       0       0       0       0       0 
--------------------------------
#######Start Sequential Operation 
Sequential Multiplication Time: 111554058
#######Start Parallel Operation 
Parallel time in microseconds: 40546136
271118855329 277345659053 267626733855 267775202931 254245209922 260905117369 266164672274 273856386228 269659036567 265557283082 
259216742140 266324203656 262170990462 261876219792 253509187932 267659782141 263032325044 269524487694 268203912068 260564112058 
269670299245 280578792677 269317127309 271137092955 262698875275 272210575788 271595957466 277268633283 280175165839 270604264817 
261390598242 263579318795 259314604959 261893788712 241365113527 256521698848 254771160687 262737989622 259271228512 251749316697 
270939049734 278874072859 263326036761 267484839920 258441035468 264865128302 269253456278 273851856758 274053038131 263867008013 
264573099871 273757649057 263789681184 263373811960 252938463973 260886652104 265884009499 268387629871 272023869881 259801483681 
273663297556 277338106643 264739717184 267358330726 257501119848 269974457721 268901459675 275693169776 271262153032 266476428926 
265704990905 275441305351 271640861292 266018847522 251890746189 263278286563 266918639739 266313072763 264929401970 262272266726 
265033724577 266926396677 258387595233 260279529798 252340838354 261152349531 256851000475 269392854829 264878981397 258245001848 
270441706339 277183908375 273885302259 269591156324 258893482976 272377451789 273105762566 277277664233 274488702261 264718253470 
--------------------------------
271118855329 277345659053 267626733855 267775202931 254245209922 260905117369 266164672274 273856386228 269659036567 265557283082 
259216742140 266324203656 262170990462 261876219792 253509187932 267659782141 263032325044 269524487694 268203912068 260564112058 
269670299245 280578792677 269317127309 271137092955 262698875275 272210575788 271595957466 277268633283 280175165839 270604264817 
261390598242 263579318795 259314604959 261893788712 241365113527 256521698848 254771160687 262737989622 259271228512 251749316697 
270939049734 278874072859 263326036761 267484839920 258441035468 264865128302 269253456278 273851856758 274053038131 263867008013 
264573099871 273757649057 263789681184 263373811960 252938463973 260886652104 265884009499 268387629871 272023869881 259801483681 
273663297556 277338106643 264739717184 267358330726 257501119848 269974457721 268901459675 275693169776 271262153032 266476428926 
265704990905 275441305351 271640861292 266018847522 251890746189 263278286563 266918639739 266313072763 264929401970 262272266726 
265033724577 266926396677 258387595233 260279529798 252340838354 261152349531 256851000475 269392854829 264878981397 258245001848 
270441706339 277183908375 273885302259 269591156324 258893482976 272377451789 273105762566 277277664233 274488702261 264718253470 
--------------------------------
