  23636    3494    4306    2974   28003   14180   25776   22046    2855   30386 
  13445   27249   13211   17799   16968   16538   12749   31755    5050   29965 
  16705   21947   15224    1219   31663   11257    6396   26684   19796   10828 
  22800     596   22977   11633    1728   30707   29750   27763   32703   17536 
  32443   12622   16400    9716   25828   22839    1461    1200   28419   20473 
  29004   16889   12350   26347   15299   19128    2033   26420   27498   18249 
  15372   16871    3172    2872   25928    7589   15779    5249   24956    9025 
  18051   31977   26330   24572   32667    2417     452   26455   27139   27377 
  25722    3343    4666   29848   32037   15308   22414    9400   23048   17323 
  26107   27307   12637   10925   13455   26791   31352    3044   21202     255 
--------------------------------
  19871   16077   32451    6391   29226    8182   26017   18603     694     946 
   4958   21329   21103    4466    9587   28704   17017    1669   12192   28245 
   4750   19432     752   26248   31817   29535   30506   18465   21636    6108 
  11156    5153    8250   12244    4913   12895    6602   23613   32262   31253 
  14867   27847   14723   32310   18928    4878    1965    4822   17419   29709 
  25843   15337   11584   11208    5003   10392   13672    3369    6585    6674 
  28246   23763   31013   11241   17991     876   32464    3507    7540    1455 
    931   28690    2600   23349   27560     308   30458   18480   26850    9651 
   3455   11123    3198   20361    4213    7391   14396   12703   24807    3626 
  32718   10755   15259   10243    5298   16026   13353   20539    1448   18528 
--------------------------------
      0       0       0       0       0       0       0       0       0       0 
      0       0       0       0       0       0       0       0       0       0 
      0       0       0       0       0       0       0       0       0       0 
      0       0       0       0       0       0       0       0       0       0 
      0       0       0       0       0       0       0       0       0       0 
      0       0       0       0       0       0       0       0       0       0 
      0       0       0       0       0       0       0       0       0       0 
      0       0       0       0       0       0       0       0       0       0 
      0       0       0       0       0       0       0       0       0       0 
      0       0       0       0       0       0       0       0       0       0 
--------------------------------
      0       0       0       0       0       0       0       0       0       0 
      0       0       0       0       0       0       0       0       0       0 
      0       0       0       0       0       0       0       0       0       0 
      0       0       0       0       0       0       0       0       0       0 
      0       0       0       0       0       0       0       0       0       0 
      0       0       0       0       0       0       0       0       0       0 
      0       0       0       0       0       0       0       0       0       0 
      0       0       0       0       0       0       0       0       0       0 
      0       0       0       0       0       0       0       0       0       0 
      0       0       0       0       0       0       0       0       0       0 
--------------------------------
#######Start Sequential Operation 
Sequential Multiplication Time: 112728331
#######Start Parallel Operation 
Parallel time in microseconds: 40356285
266881800520 268955339478 259055961280 261536798525 265971082596 262822265867 265414040383 271457446260 258596450285 260409953816 
276457372822 278152974034 268270712641 264167270106 268088014993 275279199156 278697963188 279732263465 264707260659 278723308456 
272156518896 281963337928 262321916033 263329759200 264934707966 271007768390 272227051021 278486552767 271335768673 268331174037 
260304538994 269493230167 256450459709 259914744470 256433841383 265274118141 268296015638 275169750506 254558509178 260508643158 
269421066082 272863147756 267587247016 260337905483 265167720032 264941981630 269285143750 280184744948 260600641019 265551589390 
262041296424 269942790066 260295147171 259575340179 261206465823 266650695017 262097825359 279557974495 257591316881 263793628018 
259783866971 265983853797 259889875941 260454004880 260859530028 264587295550 266499285462 274586496949 255743231255 260687286958 
264301675285 264976124463 255259364551 261806961204 258335614919 263531881861 268467505195 278756962856 260609340200 261307642794 
273115259366 275807990880 263287482795 263287105128 269202283153 270741311080 273477528563 272366263891 261999334452 272728156939 
265901126478 268100147368 252287352657 252856461718 252009128270 256786102298 264896288265 268926729777 250686295715 260428660303 
--------------------------------
266881800520 268955339478 259055961280 261536798525 265971082596 262822265867 265414040383 271457446260 258596450285 260409953816 
276457372822 278152974034 268270712641 264167270106 268088014993 275279199156 278697963188 279732263465 264707260659 278723308456 
272156518896 281963337928 262321916033 263329759200 264934707966 271007768390 272227051021 278486552767 271335768673 268331174037 
260304538994 269493230167 256450459709 259914744470 256433841383 265274118141 268296015638 275169750506 254558509178 260508643158 
269421066082 272863147756 267587247016 260337905483 265167720032 264941981630 269285143750 280184744948 260600641019 265551589390 
262041296424 269942790066 260295147171 259575340179 261206465823 266650695017 262097825359 279557974495 257591316881 263793628018 
259783866971 265983853797 259889875941 260454004880 260859530028 264587295550 266499285462 274586496949 255743231255 260687286958 
264301675285 264976124463 255259364551 261806961204 258335614919 263531881861 268467505195 278756962856 260609340200 261307642794 
273115259366 275807990880 263287482795 263287105128 269202283153 270741311080 273477528563 272366263891 261999334452 272728156939 
265901126478 268100147368 252287352657 252856461718 252009128270 256786102298 264896288265 268926729777 250686295715 260428660303 
--------------------------------
