  22438     943   19946    7584   30329    2926   27273    3986   23820   13872 
  15157   25578   26070   19853   22347   25687   23650   25379   19318   15558 
  16288    7684   27065    9541   23394    8395    9539   22036   25951   25828 
    261   30466   20160    2909    9723   17904   31607    6426   26913   10191 
  13504    5929    1879   19882   31635    1066    6797    3113   15963   29196 
  31086   23038   21292   28993    4583    1823    4945    3703   17897   29536 
   9965    7750    3883     632   24563   17843    7120   20089   10729   28368 
   7769    5638    1410   25827   28149   21004   24406    6627   11702    2721 
   6671    5763   15773    9047    9578   10638   20082   11691   32240    8280 
  32172   26689   19499   16361    8463    1247   28400    1542     113    3257 
--------------------------------
   7366   32201     365   32125   24575   24785   15595   12516   21613   18145 
  18832   25161   27235   13900   27847   12623   24162   14158   30004   29023 
   5654   19964   19141    3466   21521   15867    6164   26473   22995   12310 
  25087   17875   14093   25463   24614   19301   15130   17173   31538   27447 
  16693    9471   19443   25236   30606    7264    2252   15989   22140   12593 
   3042   11506   15983    4003   11538     506   17092   20456   32025   18102 
  28269    5468   27581   22949   20412   27527   15067      16    9394   14008 
  31105    7213   26963   10713   31445   30358   25386   31182   14127   25191 
  12805    5528    5356   29634    9701   32505   24073    6723   25275    4404 
   8484   31757    9344   17697   13493   11968    3602     208   10686     208 
--------------------------------
      0       0       0       0       0       0       0       0       0       0 
      0       0       0       0       0       0       0       0       0       0 
      0       0       0       0       0       0       0       0       0       0 
      0       0       0       0       0       0       0       0       0       0 
      0       0       0       0       0       0       0       0       0       0 
      0       0       0       0       0       0       0       0       0       0 
      0       0       0       0       0       0       0       0       0       0 
      0       0       0       0       0       0       0       0       0       0 
      0       0       0       0       0       0       0       0       0       0 
      0       0       0       0       0       0       0       0       0       0 
--------------------------------
      0       0       0       0       0       0       0       0       0       0 
      0       0       0       0       0       0       0       0       0       0 
      0       0       0       0       0       0       0       0       0       0 
      0       0       0       0       0       0       0       0       0       0 
      0       0       0       0       0       0       0       0       0       0 
      0       0       0       0       0       0       0       0       0       0 
      0       0       0       0       0       0       0       0       0       0 
      0       0       0       0       0       0       0       0       0       0 
      0       0       0       0       0       0       0       0       0       0 
      0       0       0       0       0       0       0       0       0       0 
--------------------------------
#######Start Sequential Operation 
Sequential Multiplication Time: 112228896
#######Start Parallel Operation 
Parallel time in microseconds: 40830401
272222810074 275175695598 261124350589 267685190177 278296185469 278482821172 269307187893 256726424360 272627515587 270454425506 
270219658138 270331558958 263367684578 263705771095 276681527058 272962842903 268694347965 260451330748 270169543739 270871866114 
267876068303 265714223559 260790370805 260288502690 270351979569 271607076560 262621462452 256244885978 262141607917 263005708269 
263360039163 265445240098 256944085706 257109722383 265244348638 271960206897 256507894132 255035859798 256643117807 266089789208 
277227937199 280320751020 268179724917 267070020295 281816301828 282474070064 282056142210 266699481217 274442807263 273617377117 
273392451587 278512984436 270870436466 275443045115 279333930853 285381362892 272534681686 271140911142 274269076398 271973757871 
267043062665 262082689360 256187707707 258438470131 268581807376 273536941453 265349872421 257206354701 252826191907 260817055704 
279432490574 272317933591 264596475797 268140980556 275357808931 272690383430 266172428748 256487803825 266502344310 272009986845 
270967315090 277029875865 261369815872 269981062569 267365168919 274735892982 272076391032 261445363951 258106328674 274085641594 
260105619010 257022283777 244635057786 250970767512 254236521066 260809786073 259212431532 243559343914 256470480923 255113309335 
--------------------------------
272222810074 275175695598 261124350589 267685190177 278296185469 278482821172 269307187893 256726424360 272627515587 270454425506 
270219658138 270331558958 263367684578 263705771095 276681527058 272962842903 268694347965 260451330748 270169543739 270871866114 
267876068303 265714223559 260790370805 260288502690 270351979569 271607076560 262621462452 256244885978 262141607917 263005708269 
263360039163 265445240098 256944085706 257109722383 265244348638 271960206897 256507894132 255035859798 256643117807 266089789208 
277227937199 280320751020 268179724917 267070020295 281816301828 282474070064 282056142210 266699481217 274442807263 273617377117 
273392451587 278512984436 270870436466 275443045115 279333930853 285381362892 272534681686 271140911142 274269076398 271973757871 
267043062665 262082689360 256187707707 258438470131 268581807376 273536941453 265349872421 257206354701 252826191907 260817055704 
279432490574 272317933591 264596475797 268140980556 275357808931 272690383430 266172428748 256487803825 266502344310 272009986845 
270967315090 277029875865 261369815872 269981062569 267365168919 274735892982 272076391032 261445363951 258106328674 274085641594 
260105619010 257022283777 244635057786 250970767512 254236521066 260809786073 259212431532 243559343914 256470480923 255113309335 
--------------------------------
